Pcp_File_Version=4
*** BLOCK I: ATMOSPHERIC INFORMATION  **********************************
   MaxAL                    (MaxAL = number of atmospheric data-records)
    744
 DailyVar  SinusVar  lLay  lBCCycles lInterc lDummy  lDummy  lDummy  lDummy  lDummy
       f       f       f       f       f       f       f       f       f       f
 hCritS                 (max. allowed pressure head at the soil surface)
      0
       tAtm        Prec       rSoil       rRoot      hCritA          rB          hB          ht    RootDepth
          1           0           0           0      -15000           0      78.275           0 
          2           0           0           0      -15000           0          78           0 
          3           0           0           0      -15000           0       77.65           0 
          4           0           0           0      -15000           0     77.7583           0 
          5           0           0           0      -15000           0     77.7833           0 
          6           0           0           0      -15000           0     77.7083           0 
          7           0           0           0      -15000           0     77.8333           0 
          8           0  0.00388446           0      -15000           0     78.2833           0 
          9           0   0.0113887           0      -15000           0     77.4333           0 
         10           0   0.0181167           0      -15000           0     77.2083           0 
         11           0   0.0236102           0      -15000           0     76.3583           0 
         12           0   0.0274946           0      -15000           0     76.2833           0 
         13           0   0.0295054           0      -15000           0     76.1083           0 
         14           0   0.0295054           0      -15000           0     76.0917           0 
         15           0   0.0274946           0      -15000           0     76.1167           0 
         16           0   0.0236102           0      -15000           0     75.9667           0 
         17           0   0.0181167           0      -15000           0     76.1167           0 
         18           0   0.0113887           0      -15000           0     76.4917           0 
         19           0  0.00388446           0      -15000           0     76.2917           0 
         20           0           0           0      -15000           0     76.2667           0 
         21           0           0           0      -15000           0     76.3917           0 
         22           0           0           0      -15000           0     75.9083           0 
         23           0           0           0      -15000           0     75.9583           0 
         24           0           0           0      -15000           0     75.6583           0 
         25           0           0           0      -15000           0     75.9083           0 
         26           0           0           0      -15000           0     75.6333           0 
         27           0           0           0      -15000           0     75.7833           0 
         28           0           0           0      -15000           0     75.5833           0 
         29           0           0           0      -15000           0      75.875           0 
         30           0           0           0      -15000           0       75.55           0 
         31           0           0           0      -15000           0      75.775           0 
         32           0  0.00415705           0      -15000           0     75.9167           0 
         33           0   0.0121878           0      -15000           0     75.4917           0 
         34           0   0.0193881           0      -15000           0     75.0667           0 
         35           0    0.025267           0      -15000           0     74.3667           0 
         36           0   0.0294241           0      -15000           0     74.0667           0 
         37           0   0.0315759           0      -15000           0     73.9667           0 
         38           0   0.0315759           0      -15000           0     73.9667           0 
         39           0   0.0294241           0      -15000           0     74.0417           0 
         40           0    0.025267           0      -15000           0     74.1417           0 
         41           0   0.0193881           0      -15000           0     74.1167           0 
         42           0   0.0121878           0      -15000           0     73.9167           0 
         43           0  0.00415705           0      -15000           0     73.8583           0 
         44           0           0           0      -15000           0     73.8333           0 
         45           0           0           0      -15000           0     73.8333           0 
         46           0           0           0      -15000           0     73.8833           0 
         47           0           0           0      -15000           0     73.8333           0 
         48           0           0           0      -15000           0     73.6333           0 
         49           0           0           0      -15000           0     73.6333           0 
         50           0           0           0      -15000           0     73.5583           0 
         51           0           0           0      -15000           0     73.4833           0 
         52           0           0           0      -15000           0     73.5833           0 
         53           0           0           0      -15000           0     73.3333           0 
         54           0           0           0      -15000           0     73.2417           0 
         55           0           0           0      -15000           0     73.5417           0 
         56           0  0.00473631           0      -15000           0     73.4667           0 
         57           0   0.0138862           0      -15000           0     73.3667           0 
         58           0   0.0220897           0      -15000           0     73.1667           0 
         59           0   0.0287878           0      -15000           0     72.3667           0 
         60           0   0.0335241           0      -15000           0       72.55           0 
         61           0   0.0359759           0      -15000           0     71.8833           0 
         62           0   0.0359759           0      -15000           0     72.3583           0 
         63           0   0.0335241           0      -15000           0     72.4417           0 
         64           0   0.0287878           0      -15000           0        72.7           0 
         65           0   0.0220897           0      -15000           0     72.6083           0 
         66           0   0.0138862           0      -15000           0     72.7167           0 
         67           0  0.00473631           0      -15000           0      72.875           0 
         68           0           0           0      -15000           0     73.4583           0 
         69           0           0           0      -15000           0     73.7833           0 
         70           0           0           0      -15000           0        73.6           0 
         71           0           0           0      -15000           0     73.5583           0 
         72           0           0           0      -15000           0     74.3667           0 
         73           0           0           0      -15000           0       74.45           0 
         74       0.011           0           0      -15000           0     74.9833           0 
         75       0.054           0           0      -15000           0     75.3667           0 
         76           0           0           0      -15000           0      75.225           0 
         77           0           0           0      -15000           0     76.2583           0 
         78       0.044           0           0      -15000           0     76.8333           0 
         79       0.089           0           0      -15000           0     77.1667           0 
         80           0  0.00265779           0      -15000           0     77.3667           0 
         81       0.246  0.00779223           0      -15000           0     77.5667           0 
         82           0   0.0123957           0      -15000           0     77.1167           0 
         83           0   0.0161543           0      -15000           0     77.4917           0 
         84           0   0.0188121           0      -15000           0     77.4333           0 
         85           0   0.0201879           0      -15000           0     76.6833           0 
         86           0   0.0201879           0      -15000           0     75.7833           0 
         87           0   0.0188121           0      -15000           0     75.6333           0 
         88           0   0.0161543           0      -15000           0     75.1583           0 
         89           0   0.0123957           0      -15000           0     75.2083           0 
         90           0  0.00779223           0      -15000           0     74.6583           0 
         91           0  0.00265779           0      -15000           0     74.3833           0 
         92           0           0           0      -15000           0          75           0 
         93           0           0           0      -15000           0      74.375           0 
         94       0.039           0           0      -15000           0      73.875           0 
         95       0.055           0           0      -15000           0      74.475           0 
         96           0           0           0      -15000           0      73.525           0 
         97           0           0           0      -15000           0      73.675           0 
         98           0           0           0      -15000           0        73.6           0 
         99           0           0           0      -15000           0      73.875           0 
        100           0           0           0      -15000           0      73.525           0 
        101           0           0           0      -15000           0      73.725           0 
        102           0           0           0      -15000           0        73.8           0 
        103           0           0           0      -15000           0      73.775           0 
        104           0  0.00313482           0      -15000           0        73.9           0 
        105       0.009  0.00919084           0      -15000           0     74.0167           0 
        106           0   0.0146205           0      -15000           0     73.4583           0 
        107       0.007   0.0190538           0      -15000           0     73.0833           0 
        108       0.014   0.0221887           0      -15000           0        73.1           0 
        109           0   0.0238113           0      -15000           0       72.55           0 
        110           0   0.0238113           0      -15000           0     72.3167           0 
        111           0   0.0221887           0      -15000           0     71.8917           0 
        112           0   0.0190538           0      -15000           0     71.7417           0 
        113           0   0.0146205           0      -15000           0     71.3417           0 
        114           0  0.00919084           0      -15000           0     70.9917           0 
        115       0.182  0.00313482           0      -15000           0     71.0917           0 
        116       0.076           0           0      -15000           0     71.2167           0 
        117           0           0           0      -15000           0     71.2167           0 
        118           0           0           0      -15000           0     71.5167           0 
        119           0           0           0      -15000           0     71.3167           0 
        120       0.008           0           0      -15000           0     71.3417           0 
        121           0           0           0      -15000           0       71.35           0 
        122           0           0           0      -15000           0      71.925           0 
        123           0           0           0      -15000           0       71.65           0 
        124           0           0           0      -15000           0       71.85           0 
        125           0           0           0      -15000           0      71.425           0 
        126           0           0           0      -15000           0      71.475           0 
        127           0           0           0      -15000           0      71.975           0 
        128           0  0.00218075           0      -15000           0     72.1583           0 
        129           0  0.00639363           0      -15000           0     72.2583           0 
        130           0   0.0101708           0      -15000           0     71.3833           0 
        131           0   0.0132548           0      -15000           0     71.7583           0 
        132           0   0.0154356           0      -15000           0     71.4917           0 
        133           0   0.0165644           0      -15000           0     71.5417           0 
        134           0   0.0165644           0      -15000           0        71.5           0 
        135           0   0.0154356           0      -15000           0      71.575           0 
        136           0   0.0132548           0      -15000           0     72.1583           0 
        137           0   0.0101708           0      -15000           0      72.675           0 
        138           0  0.00639363           0      -15000           0      72.725           0 
        139       0.033  0.00218075           0      -15000           0        72.5           0 
        140       0.008           0           0      -15000           0      72.175           0 
        141           0           0           0      -15000           0     71.9667           0 
        142           0           0           0      -15000           0     72.1667           0 
        143           0           0           0      -15000           0     72.0083           0 
        144           0           0           0      -15000           0     71.2333           0 
        145           0           0           0      -15000           0     71.6583           0 
        146           0           0           0      -15000           0     71.2583           0 
        147           0           0           0      -15000           0      71.175           0 
        148           0           0           0      -15000           0      71.075           0 
        149       0.012           0           0      -15000           0       71.15           0 
        150       0.133           0           0      -15000           0      71.175           0 
        151       0.034           0           0      -15000           0     71.4917           0 
        152       0.014  0.00461705           0      -15000           0     71.1083           0 
        153           0   0.0135365           0      -15000           0     70.5333           0 
        154           0   0.0215335           0      -15000           0      70.075           0 
        155           0    0.028063           0      -15000           0     69.8917           0 
        156           0     0.03268           0      -15000           0     69.6917           0 
        157           0     0.03507           0      -15000           0     68.9833           0 
        158           0     0.03507           0      -15000           0     68.5583           0 
        159           0     0.03268           0      -15000           0     68.8833           0 
        160           0    0.028063           0      -15000           0     68.5583           0 
        161           0   0.0215335           0      -15000           0     68.2583           0 
        162           0   0.0135365           0      -15000           0     67.9833           0 
        163           0  0.00461705           0      -15000           0     68.0583           0 
        164           0           0           0      -15000           0     67.8833           0 
        165           0           0           0      -15000           0      68.275           0 
        166           0           0           0      -15000           0      68.175           0 
        167           0           0           0      -15000           0      68.075           0 
        168           0           0           0      -15000           0      68.175           0 
        169           0           0           0      -15000           0     68.2583           0 
        170           0           0           0      -15000           0     68.1833           0 
        171           0           0           0      -15000           0     67.9583           0 
        172           0           0           0      -15000           0     68.0167           0 
        173           0           0           0      -15000           0     68.1917           0 
        174           0           0           0      -15000           0       68.45           0 
        175           0           0           0      -15000           0      68.875           0 
        176           0  0.00233408           0      -15000           0      69.175           0 
        177           0  0.00684318           0      -15000           0      68.925           0 
        178        0.02   0.0108859           0      -15000           0     69.0333           0 
        179       0.057   0.0141868           0      -15000           0     68.6333           0 
        180       0.106   0.0165209           0      -15000           0     68.9667           0 
        181       0.025   0.0177291           0      -15000           0      69.125           0 
        182           0   0.0177291           0      -15000           0        69.5           0 
        183           0   0.0165209           0      -15000           0     69.3833           0 
        184           0   0.0141868           0      -15000           0     69.9333           0 
        185           0   0.0108859           0      -15000           0     70.1833           0 
        186           0  0.00684318           0      -15000           0     69.8917           0 
        187           0  0.00233408           0      -15000           0     70.6917           0 
        188           0           0           0      -15000           0        70.6           0 
        189           0           0           0      -15000           0       70.45           0 
        190           0           0           0      -15000           0       70.55           0 
        191           0           0           0      -15000           0      70.275           0 
        192           0           0           0      -15000           0      70.025           0 
        193           0           0           0      -15000           0      70.225           0 
        194           0           0           0      -15000           0     69.7833           0 
        195           0           0           0      -15000           0     69.9333           0 
        196           0           0           0      -15000           0     69.8917           0 
        197           0           0           0      -15000           0      70.225           0 
        198           0           0           0      -15000           0        70.4           0 
        199           0           0           0      -15000           0     70.0833           0 
        200       0.007  0.00516224           0      -15000           0     70.7833           0 
        201           0   0.0151349           0      -15000           0     70.5833           0 
        202           0   0.0240762           0      -15000           0     70.9667           0 
        203           0   0.0313767           0      -15000           0     70.4417           0 
        204           0   0.0365389           0      -15000           0     70.8917           0 
        205           0   0.0392111           0      -15000           0        70.9           0 
        206           0   0.0392111           0      -15000           0       70.95           0 
        207           0   0.0365389           0      -15000           0     70.7083           0 
        208           0   0.0313767           0      -15000           0     71.0333           0 
        209           0   0.0240762           0      -15000           0     70.8583           0 
        210           0   0.0151349           0      -15000           0     70.7083           0 
        211           0  0.00516224           0      -15000           0     70.7333           0 
        212       0.166           0           0      -15000           0     70.6417           0 
        213           0           0           0      -15000           0     71.3833           0 
        214        0.01           0           0      -15000           0     69.8333           0 
        215           0           0           0      -15000           0     70.0333           0 
        216       0.025           0           0      -15000           0     70.2333           0 
        217       0.005           0           0      -15000           0     69.6667           0 
        218           0           0           0      -15000           0     69.5167           0 
        219           0           0           0      -15000           0        69.2           0 
        220           0           0           0      -15000           0     69.6333           0 
        221       0.127           0           0      -15000           0     69.7833           0 
        222        0.13           0           0      -15000           0      70.675           0 
        223           0           0           0      -15000           0     70.0167           0 
        224       0.081  0.00429335           0      -15000           0     70.1167           0 
        225           0   0.0125875           0      -15000           0     69.7333           0 
        226           0   0.0200238           0      -15000           0      68.875           0 
        227           0   0.0260954           0      -15000           0     68.6917           0 
        228           0   0.0303888           0      -15000           0     69.2333           0 
        229           0   0.0326112           0      -15000           0     68.0917           0 
        230           0   0.0326112           0      -15000           0     67.5833           0 
        231           0   0.0303888           0      -15000           0     67.4333           0 
        232           0   0.0260954           0      -15000           0     66.8583           0 
        233           0   0.0200238           0      -15000           0     66.8583           0 
        234           0   0.0125875           0      -15000           0     66.6667           0 
        235           0  0.00429335           0      -15000           0     67.0333           0 
        236           0           0           0      -15000           0     66.9083           0 
        237           0           0           0      -15000           0     66.3083           0 
        238           0           0           0      -15000           0     66.1083           0 
        239           0           0           0      -15000           0       66.55           0 
        240           0           0           0      -15000           0        66.3           0 
        241           0           0           0      -15000           0          66           0 
        242           0           0           0      -15000           0        65.8           0 
        243           0           0           0      -15000           0        65.9           0 
        244           0           0           0      -15000           0      65.725           0 
        245           0           0           0      -15000           0     65.5333           0 
        246           0           0           0      -15000           0      66.125           0 
        247           0           0           0      -15000           0       65.95           0 
        248           0  0.00391853           0      -15000           0      66.025           0 
        249           0   0.0114886           0      -15000           0       65.75           0 
        250           0   0.0182756           0      -15000           0      65.925           0 
        251           0   0.0238173           0      -15000           0       65.65           0 
        252           0   0.0277358           0      -15000           0      66.025           0 
        253           0   0.0297642           0      -15000           0       65.85           0 
        254           0   0.0297642           0      -15000           0       65.65           0 
        255           0   0.0277358           0      -15000           0      65.925           0 
        256           0   0.0238173           0      -15000           0      65.725           0 
        257           0   0.0182756           0      -15000           0       65.45           0 
        258           0   0.0114886           0      -15000           0      66.425           0 
        259       0.077  0.00391853           0      -15000           0       65.65           0 
        260       0.524           0           0      -15000           0     65.8667           0 
        261       0.289           0           0      -15000           0     65.3917           0 
        262           0           0           0      -15000           0     65.2833           0 
        263           0           0           0      -15000           0     65.4333           0 
        264           0           0           0      -15000           0     65.0583           0 
        265           0           0           0      -15000           0     65.5083           0 
        266       0.026           0           0      -15000           0     65.2333           0 
        267       0.003           0           0      -15000           0     65.4333           0 
        268           0           0           0      -15000           0      65.425           0 
        269           0           0           0      -15000           0      65.325           0 
        270           0           0           0      -15000           0        65.5           0 
        271           0           0           0      -15000           0      65.675           0 
        272           0  0.00436149           0      -15000           0      65.475           0 
        273           0   0.0127872           0      -15000           0       65.45           0 
        274           0   0.0203416           0      -15000           0      65.075           0 
        275           0   0.0265097           0      -15000           0      65.075           0 
        276           0   0.0308712           0      -15000           0          65           0 
        277           0   0.0331288           0      -15000           0     64.9333           0 
        278           0   0.0331288           0      -15000           0     65.4083           0 
        279       0.042   0.0308712           0      -15000           0     65.0833           0 
        280           0   0.0265097           0      -15000           0     65.7583           0 
        281           0   0.0203416           0      -15000           0     65.7833           0 
        282           0   0.0127872           0      -15000           0     65.5333           0 
        283           0  0.00436149           0      -15000           0     65.8167           0 
        284           0           0           0      -15000           0     66.4083           0 
        285           0           0           0      -15000           0     66.2083           0 
        286           0           0           0      -15000           0     65.9083           0 
        287           0           0           0      -15000           0     65.7083           0 
        288           0           0           0      -15000           0     65.6167           0 
        289           0           0           0      -15000           0     65.9167           0 
        290           0           0           0      -15000           0     65.6917           0 
        291           0           0           0      -15000           0     65.9917           0 
        292           0           0           0      -15000           0       65.65           0 
        293           0           0           0      -15000           0       66.05           0 
        294           0           0           0      -15000           0        66.2           0 
        295           0           0           0      -15000           0      66.525           0 
        296           0  0.00206149           0      -15000           0      66.725           0 
        297           0  0.00604398           0      -15000           0     66.3583           0 
        298           0  0.00961458           0      -15000           0       66.85           0 
        299           0     0.01253           0      -15000           0     66.6583           0 
        300           0   0.0145914           0      -15000           0     66.7583           0 
        301           0   0.0156585           0      -15000           0     66.7833           0 
        302           0   0.0156585           0      -15000           0     66.8833           0 
        303           0   0.0145914           0      -15000           0     67.0083           0 
        304           0     0.01253           0      -15000           0     66.3083           0 
        305           0  0.00961458           0      -15000           0      66.225           0 
        306           0  0.00604398           0      -15000           0     65.9583           0 
        307           0  0.00206149           0      -15000           0     66.4583           0 
        308           0           0           0      -15000           0     66.5583           0 
        309           0           0           0      -15000           0     66.6333           0 
        310           0           0           0      -15000           0       66.55           0 
        311           0           0           0      -15000           0      66.425           0 
        312           0           0           0      -15000           0       66.05           0 
        313           0           0           0      -15000           0      65.975           0 
        314           0           0           0      -15000           0     65.8833           0 
        315           0           0           0      -15000           0     66.0833           0 
        316           0           0           0      -15000           0     66.1083           0 
        317           0           0           0      -15000           0     66.3083           0 
        318           0           0           0      -15000           0     66.2583           0 
        319           0           0           0      -15000           0     66.5333           0 
        320           0  0.00277705           0      -15000           0     66.4333           0 
        321           0  0.00814188           0      -15000           0     66.4833           0 
        322           0   0.0129519           0      -15000           0     66.1583           0 
        323           0   0.0168792           0      -15000           0      65.875           0 
        324           0   0.0196563           0      -15000           0      65.675           0 
        325           0   0.0210938           0      -15000           0     65.2833           0 
        326           0   0.0210938           0      -15000           0     65.0333           0 
        327           0   0.0196563           0      -15000           0     65.5083           0 
        328           0   0.0168792           0      -15000           0     65.4083           0 
        329           0   0.0129519           0      -15000           0     65.1333           0 
        330       0.052  0.00814188           0      -15000           0     65.6083           0 
        331       0.012  0.00277705           0      -15000           0     65.7333           0 
        332       0.346           0           0      -15000           0     65.0583           0 
        333           0           0           0      -15000           0        65.1           0 
        334           0           0           0      -15000           0       65.55           0 
        335           0           0           0      -15000           0      65.425           0 
        336           0           0           0      -15000           0     64.6333           0 
        337           0           0           0      -15000           0       65.05           0 
        338           0           0           0      -15000           0     64.5083           0 
        339           0           0           0      -15000           0     64.9333           0 
        340           0           0           0      -15000           0     65.0833           0 
        341           0           0           0      -15000           0     65.3667           0 
        342           0           0           0      -15000           0     65.2417           0 
        343           0           0           0      -15000           0     65.6667           0 
        344           0  0.00146519           0      -15000           0      65.875           0 
        345       0.016  0.00429572           0      -15000           0      65.825           0 
        346           0   0.0068335           0      -15000           0     65.5833           0 
        347           0  0.00890559           0      -15000           0     65.7083           0 
        348       0.066   0.0103708           0      -15000           0     65.7583           0 
        349       0.034   0.0111292           0      -15000           0     65.7167           0 
        350       0.022   0.0111292           0      -15000           0     66.1417           0 
        351           0   0.0103708           0      -15000           0     66.1417           0 
        352           0  0.00890559           0      -15000           0      66.125           0 
        353       0.173   0.0068335           0      -15000           0      67.175           0 
        354           0  0.00429572           0      -15000           0     66.6333           0 
        355           0  0.00146519           0      -15000           0     67.0333           0 
        356           0           0           0      -15000           0     67.2333           0 
        357           0           0           0      -15000           0     67.3083           0 
        358           0           0           0      -15000           0     67.2833           0 
        359           0           0           0      -15000           0       67.25           0 
        360           0           0           0      -15000           0      66.925           0 
        361           0           0           0      -15000           0       66.55           0 
        362           0           0           0      -15000           0      66.625           0 
        363           0           0           0      -15000           0     66.3917           0 
        364           0           0           0      -15000           0      66.375           0 
        365           0           0           0      -15000           0        66.3           0 
        366           0           0           0      -15000           0        66.4           0 
        367           0           0           0      -15000           0        66.4           0 
        368           0  0.00347557           0      -15000           0     66.1833           0 
        369           0   0.0101898           0      -15000           0          66           0 
        370           0   0.0162097           0      -15000           0        65.8           0 
        371           0   0.0211249           0      -15000           0        65.7           0 
        372           0   0.0246005           0      -15000           0      65.925           0 
        373           0   0.0263995           0      -15000           0        65.7           0 
        374       0.301   0.0263995           0      -15000           0     65.9083           0 
        375           0   0.0246005           0      -15000           0     66.0083           0 
        376       0.019   0.0211249           0      -15000           0     65.6583           0 
        377           0   0.0162097           0      -15000           0     66.0417           0 
        378           0   0.0101898           0      -15000           0     65.8917           0 
        379           0  0.00347557           0      -15000           0     65.9917           0 
        380           0           0           0      -15000           0     65.8417           0 
        381       0.213           0           0      -15000           0      65.925           0 
        382           0           0           0      -15000           0     66.4667           0 
        383           0           0           0      -15000           0     66.0083           0 
        384           0           0           0      -15000           0     66.0833           0 
        385       0.079           0           0      -15000           0     65.8833           0 
        386       0.032           0           0      -15000           0     65.7083           0 
        387           0           0           0      -15000           0     65.5167           0 
        388       0.022           0           0      -15000           0     65.8417           0 
        389       0.124           0           0      -15000           0      65.925           0 
        390       0.022           0           0      -15000           0      66.025           0 
        391       0.095           0           0      -15000           0      65.925           0 
        392       0.032  0.00247038           0      -15000           0     65.9417           0 
        393       0.171  0.00724278           0      -15000           0     66.0917           0 
        394       0.041   0.0115216           0      -15000           0     65.9083           0 
        395       0.026   0.0150152           0      -15000           0        66.4           0 
        396           0   0.0174856           0      -15000           0        66.1           0 
        397           0   0.0187644           0      -15000           0     65.7167           0 
        398           0   0.0187644           0      -15000           0     65.5833           0 
        399           0   0.0174856           0      -15000           0     65.2833           0 
        400           0   0.0150152           0      -15000           0        64.6           0 
        401           0   0.0115216           0      -15000           0      64.525           0 
        402           0  0.00724278           0      -15000           0      64.175           0 
        403           0  0.00247038           0      -15000           0     64.0417           0 
        404           0           0           0      -15000           0     63.8917           0 
        405       0.331           0           0      -15000           0     63.9417           0 
        406       0.617           0           0      -15000           0     63.6333           0 
        407           0           0           0      -15000           0      64.325           0 
        408           0           0           0      -15000           0     68.9833           0 
        409           0           0           0      -15000           0     66.3333           0 
        410       0.014           0           0      -15000           0     65.5083           0 
        411       0.009           0           0      -15000           0     65.2083           0 
        412           0           0           0      -15000           0     65.0917           0 
        413           0           0           0      -15000           0     65.2833           0 
        414           0           0           0      -15000           0     64.8833           0 
        415        0.02           0           0      -15000           0     65.0333           0 
        416           0  0.00354371           0      -15000           0      65.275           0 
        417           0   0.0103896           0      -15000           0     65.4167           0 
        418           0   0.0165275           0      -15000           0     65.4167           0 
        419           0   0.0215391           0      -15000           0     65.0167           0 
        420           0   0.0250828           0      -15000           0     65.2083           0 
        421           0   0.0269172           0      -15000           0     65.3833           0 
        422           0   0.0269172           0      -15000           0     65.4583           0 
        423           0   0.0250828           0      -15000           0     65.7083           0 
        424           0   0.0215391           0      -15000           0     65.8833           0 
        425           0   0.0165275           0      -15000           0     65.7083           0 
        426           0   0.0103896           0      -15000           0     66.1583           0 
        427           0  0.00354371           0      -15000           0      66.075           0 
        428       0.235           0           0      -15000           0       66.65           0 
        429           0           0           0      -15000           0      65.925           0 
        430           0           0           0      -15000           0     66.2417           0 
        431           0           0           0      -15000           0     66.3083           0 
        432           0           0           0      -15000           0     66.0833           0 
        433           0           0           0      -15000           0     66.0583           0 
        434           0           0           0      -15000           0     66.1583           0 
        435           0           0           0      -15000           0     66.0833           0 
        436           0           0           0      -15000           0     66.8333           0 
        437           0           0           0      -15000           0     66.8333           0 
        438           0           0           0      -15000           0     66.7583           0 
        439           0           0           0      -15000           0     66.9333           0 
        440           0  0.00247038           0      -15000           0      67.125           0 
        441           0  0.00724278           0      -15000           0      66.925           0 
        442           0   0.0115216           0      -15000           0          67           0 
        443           0   0.0150152           0      -15000           0       67.15           0 
        444           0   0.0174856           0      -15000           0      67.225           0 
        445           0   0.0187644           0      -15000           0      67.225           0 
        446           0   0.0187644           0      -15000           0      67.425           0 
        447           0   0.0174856           0      -15000           0      67.725           0 
        448       0.014   0.0150152           0      -15000           0     68.2667           0 
        449           0   0.0115216           0      -15000           0     67.9167           0 
        450           0  0.00724278           0      -15000           0     67.7917           0 
        451           0  0.00247038           0      -15000           0     67.8583           0 
        452           0           0           0      -15000           0     67.4333           0 
        453           0           0           0      -15000           0     67.4833           0 
        454           0           0           0      -15000           0       68.15           0 
        455           0           0           0      -15000           0       67.35           0 
        456           0           0           0      -15000           0     67.1167           0 
        457           0           0           0      -15000           0     67.1667           0 
        458           0           0           0      -15000           0     67.4417           0 
        459           0           0           0      -15000           0     67.4583           0 
        460           0           0           0      -15000           0     67.6083           0 
        461           0           0           0      -15000           0     67.5833           0 
        462           0           0           0      -15000           0     67.4083           0 
        463           0           0           0      -15000           0     67.6083           0 
        464           0  0.00274297           0      -15000           0     67.8833           0 
        465           0  0.00804198           0      -15000           0     68.0333           0 
        466           0   0.0127929           0      -15000           0     67.5583           0 
        467           0   0.0166721           0      -15000           0     67.1333           0 
        468           0   0.0194151           0      -15000           0     67.7083           0 
        469           0   0.0208349           0      -15000           0     67.5417           0 
        470           0   0.0208349           0      -15000           0     67.4167           0 
        471           0   0.0194151           0      -15000           0     67.7917           0 
        472           0   0.0166721           0      -15000           0      68.325           0 
        473           0   0.0127929           0      -15000           0     68.3833           0 
        474           0  0.00804198           0      -15000           0     68.2917           0 
        475           0  0.00274297           0      -15000           0     68.8917           0 
        476           0           0           0      -15000           0          69           0 
        477           0           0           0      -15000           0     69.2083           0 
        478           0           0           0      -15000           0     69.5167           0 
        479           0           0           0      -15000           0       70.15           0 
        480           0           0           0      -15000           0      70.425           0 
        481           0           0           0      -15000           0     70.6833           0 
        482           0           0           0      -15000           0     70.9583           0 
        483           0           0           0      -15000           0     71.4083           0 
        484           0           0           0      -15000           0     71.8917           0 
        485           0           0           0      -15000           0     71.9417           0 
        486           0           0           0      -15000           0     72.0917           0 
        487           0           0           0      -15000           0      71.825           0 
        488       0.099  0.00357779           0      -15000           0      72.325           0 
        489        0.05   0.0104895           0      -15000           0       72.55           0 
        490           0   0.0166865           0      -15000           0       72.55           0 
        491           0   0.0217462           0      -15000           0      72.475           0 
        492           0    0.025324           0      -15000           0      72.425           0 
        493           0    0.027176           0      -15000           0     72.1333           0 
        494       0.065    0.027176           0      -15000           0     72.2833           0 
        495       0.015    0.025324           0      -15000           0     72.4583           0 
        496           0   0.0217462           0      -15000           0     72.2167           0 
        497           0   0.0166865           0      -15000           0     72.3667           0 
        498           0   0.0104895           0      -15000           0     72.6667           0 
        499           0  0.00357779           0      -15000           0      72.125           0 
        500           0           0           0      -15000           0     73.0667           0 
        501           0           0           0      -15000           0      72.875           0 
        502           0           0           0      -15000           0      72.975           0 
        503           0           0           0      -15000           0       72.55           0 
        504           0           0           0      -15000           0       72.65           0 
        505           0           0           0      -15000           0     72.7333           0 
        506           0           0           0      -15000           0     72.4083           0 
        507           0           0           0      -15000           0     72.8083           0 
        508       0.017           0           0      -15000           0     72.8333           0 
        509           0           0           0      -15000           0     72.4667           0 
        510       0.006           0           0      -15000           0     72.8667           0 
        511        0.04           0           0      -15000           0     73.3583           0 
        512       0.156  0.00081778           0      -15000           0     73.1583           0 
        513       0.105  0.00239761           0      -15000           0     73.3833           0 
        514       0.075  0.00381405           0      -15000           0      73.075           0 
        515       0.121  0.00497056           0      -15000           0          73           0 
        516       0.127  0.00578834           0      -15000           0     72.8417           0 
        517         0.1  0.00621166           0      -15000           0     72.9167           0 
        518       0.418  0.00621166           0      -15000           0     72.7333           0 
        519       0.031  0.00578834           0      -15000           0      72.075           0 
        520       0.415  0.00497056           0      -15000           0        71.8           0 
        521           0  0.00381405           0      -15000           0     71.5667           0 
        522           0  0.00239761           0      -15000           0     75.8333           0 
        523           0  0.00081778           0      -15000           0     72.5583           0 
        524           0           0           0      -15000           0     72.4583           0 
        525       0.011           0           0      -15000           0       72.55           0 
        526        0.06           0           0      -15000           0     77.9083           0 
        527           0           0           0      -15000           0     83.2833           0 
        528           0           0           0      -15000           0     75.9167           0 
        529           0           0           0      -15000           0     74.9167           0 
        530           0           0           0      -15000           0     74.5917           0 
        531           0           0           0      -15000           0     74.3917           0 
        532           0           0           0      -15000           0     74.8917           0 
        533           0           0           0      -15000           0     74.9417           0 
        534           0           0           0      -15000           0     75.3833           0 
        535           0           0           0      -15000           0        75.8           0 
        536           0  0.00369705           0      -15000           0     76.0417           0 
        537           0   0.0108392           0      -15000           0     76.0417           0 
        538           0   0.0172427           0      -15000           0     76.1583           0 
        539           0   0.0224711           0      -15000           0      76.125           0 
        540           0   0.0261681           0      -15000           0       76.15           0 
        541           0   0.0280819           0      -15000           0     76.3167           0 
        542           0   0.0280819           0      -15000           0     76.0167           0 
        543           0   0.0261681           0      -15000           0     76.2917           0 
        544           0   0.0224711           0      -15000           0     76.4917           0 
        545           0   0.0172427           0      -15000           0        76.6           0 
        546           0   0.0108392           0      -15000           0       76.75           0 
        547           0  0.00369705           0      -15000           0      77.075           0 
        548           0           0           0      -15000           0      77.575           0 
        549           0           0           0      -15000           0      77.975           0 
        550           0           0           0      -15000           0      78.175           0 
        551           0           0           0      -15000           0        78.2           0 
        552           0           0           0      -15000           0      78.425           0 
        553           0           0           0      -15000           0     78.7583           0 
        554           0           0           0      -15000           0     79.0333           0 
        555           0           0           0      -15000           0     79.5583           0 
        556       0.082           0           0      -15000           0     80.2333           0 
        557       0.094           0           0      -15000           0     80.3167           0 
        558       0.108           0           0      -15000           0     80.3417           0 
        559       0.134           0           0      -15000           0     80.8167           0 
        560       0.158  0.00306668           0      -15000           0     81.2333           0 
        561       0.068  0.00899104           0      -15000           0     81.3167           0 
        562       0.037   0.0143027           0      -15000           0     81.3417           0 
        563           0   0.0186396           0      -15000           0     81.8333           0 
        564           0   0.0217063           0      -15000           0     81.8083           0 
        565       0.069   0.0232937           0      -15000           0     81.9833           0 
        566       0.202   0.0232937           0      -15000           0     81.9833           0 
        567           0   0.0217063           0      -15000           0     82.0333           0 
        568           0   0.0186396           0      -15000           0     82.6083           0 
        569        0.01   0.0143027           0      -15000           0      83.725           0 
        570       0.085  0.00899104           0      -15000           0      83.375           0 
        571           0  0.00306668           0      -15000           0       83.15           0 
        572           0           0           0      -15000           0       83.55           0 
        573           0           0           0      -15000           0     84.1917           0 
        574           0           0           0      -15000           0     84.4167           0 
        575           0           0           0      -15000           0     84.8083           0 
        576           0           0           0      -15000           0     84.2833           0 
        577           0           0           0      -15000           0       84.45           0 
        578       0.008           0           0      -15000           0      84.775           0 
        579           0           0           0      -15000           0     85.0667           0 
        580           0           0           0      -15000           0     85.4917           0 
        581       0.021           0           0      -15000           0     86.1083           0 
        582       0.153           0           0      -15000           0     86.5083           0 
        583       0.051           0           0      -15000           0      86.725           0 
        584       0.342  0.00226593           0      -15000           0     87.0917           0 
        585       0.002  0.00664338           0      -15000           0     87.2583           0 
        586           0   0.0105681           0      -15000           0      87.075           0 
        587           0   0.0137726           0      -15000           0     86.8167           0 
        588       0.101   0.0160385           0      -15000           0     87.0333           0 
        589           0   0.0172115           0      -15000           0     87.1833           0 
        590           0   0.0172115           0      -15000           0      87.625           0 
        591           0   0.0160385           0      -15000           0       87.95           0 
        592       0.014   0.0137726           0      -15000           0     88.6917           0 
        593       0.026   0.0105681           0      -15000           0     88.9083           0 
        594           0  0.00664338           0      -15000           0     89.3333           0 
        595           0  0.00226593           0      -15000           0     89.8583           0 
        596           0           0           0      -15000           0      89.875           0 
        597           0           0           0      -15000           0     92.3833           0 
        598           0           0           0      -15000           0       100.2           0 
        599           0           0           0      -15000           0     97.6917           0 
        600           0           0           0      -15000           0       96.85           0 
        601           0           0           0      -15000           0       97.05           0 
        602           0           0           0      -15000           0      97.525           0 
        603           0           0           0      -15000           0        98.2           0 
        604           0           0           0      -15000           0     99.1917           0 
        605           0           0           0      -15000           0     99.9667           0 
        606           0           0           0      -15000           0     101.092           0 
        607           0           0           0      -15000           0     102.058           0 
        608           0  0.00340742           0      -15000           0     103.175           0 
        609           0  0.00999004           0      -15000           0      103.85           0 
        610           0   0.0158919           0      -15000           0     103.942           0 
        611           0   0.0207107           0      -15000           0     104.542           0 
        612           0   0.0241181           0      -15000           0     104.617           0 
        613           0   0.0258819           0      -15000           0     105.283           0 
        614           0   0.0258819           0      -15000           0      106.05           0 
        615           0   0.0241181           0      -15000           0       105.8           0 
        616           0   0.0207107           0      -15000           0     106.142           0 
        617           0   0.0158919           0      -15000           0     106.017           0 
        618           0  0.00999004           0      -15000           0     106.167           0 
        619           0  0.00340742           0      -15000           0     106.358           0 
        620           0           0           0      -15000           0     106.608           0 
        621           0           0           0      -15000           0     107.108           0 
        622           0           0           0      -15000           0     107.175           0 
        623           0           0           0      -15000           0     107.025           0 
        624           0           0           0      -15000           0     106.967           0 
        625           0           0           0      -15000           0     106.917           0 
        626           0           0           0      -15000           0     106.892           0 
        627           0           0           0      -15000           0     107.142           0 
        628           0           0           0      -15000           0     107.058           0 
        629           0           0           0      -15000           0     107.108           0 
        630           0           0           0      -15000           0     107.358           0 
        631           0           0           0      -15000           0       107.7           0 
        632           0  0.00441261           0      -15000           0      107.75           0 
        633           0   0.0129371           0      -15000           0     107.817           0 
        634           0     0.02058           0      -15000           0     107.667           0 
        635           0   0.0268203           0      -15000           0     107.642           0 
        636           0   0.0312329           0      -15000           0     107.908           0 
        637           0   0.0335171           0      -15000           0     107.933           0 
        638           0   0.0335171           0      -15000           0     108.058           0 
        639           0   0.0312329           0      -15000           0      107.95           0 
        640           0   0.0268203           0      -15000           0     108.075           0 
        641           0     0.02058           0      -15000           0      107.85           0 
        642           0   0.0129371           0      -15000           0     107.742           0 
        643           0  0.00441261           0      -15000           0     107.692           0 
        644           0           0           0      -15000           0     107.492           0 
        645           0           0           0      -15000           0     107.642           0 
        646           0           0           0      -15000           0     107.833           0 
        647           0           0           0      -15000           0     107.883           0 
        648           0           0           0      -15000           0     107.558           0 
        649           0           0           0      -15000           0     108.158           0 
        650           0           0           0      -15000           0     107.958           0 
        651           0           0           0      -15000           0     107.783           0 
        652           0           0           0      -15000           0     107.883           0 
        653           0           0           0      -15000           0     108.075           0 
        654           0           0           0      -15000           0      108.25           0 
        655           0           0           0      -15000           0     108.225           0 
        656           0  0.00577557           0      -15000           0     108.275           0 
        657           0   0.0169331           0      -15000           0     108.517           0 
        658           0   0.0269367           0      -15000           0     108.092           0 
        659           0   0.0351046           0      -15000           0     107.642           0 
        660           0   0.0408802           0      -15000           0     107.842           0 
        661           0   0.0438698           0      -15000           0     107.775           0 
        662           0   0.0438698           0      -15000           0       108.1           0 
        663           0   0.0408802           0      -15000           0      108.15           0 
        664           0   0.0351046           0      -15000           0      108.45           0 
        665           0   0.0269367           0      -15000           0       108.3           0 
        666           0   0.0169331           0      -15000           0     108.208           0 
        667           0  0.00577557           0      -15000           0     108.608           0 
        668           0           0           0      -15000           0     108.258           0 
        669           0           0           0      -15000           0     108.283           0 
        670           0           0           0      -15000           0     108.533           0 
        671           0           0           0      -15000           0     108.483           0 
        672           0           0           0      -15000           0     108.275           0 
        673           0           0           0      -15000           0      108.25           0 
        674           0           0           0      -15000           0      108.05           0 
        675           0           0           0      -15000           0      108.05           0 
        676           0           0           0      -15000           0      108.05           0 
        677           0           0           0      -15000           0      108.15           0 
        678           0           0           0      -15000           0       108.5           0 
        679           0           0           0      -15000           0      108.65           0 
        680           0  0.00696817           0      -15000           0     108.542           0 
        681           0   0.0204296           0      -15000           0     108.392           0 
        682           0   0.0324989           0      -15000           0     108.067           0 
        683           0   0.0423533           0      -15000           0     107.942           0 
        684           0   0.0493215           0      -15000           0     108.208           0 
        685           0   0.0529285           0      -15000           0     108.008           0 
        686           0   0.0529285           0      -15000           0     107.558           0 
        687           0   0.0493215           0      -15000           0     107.758           0 
        688           0   0.0423533           0      -15000           0     107.858           0 
        689           0   0.0324989           0      -15000           0     107.758           0 
        690           0   0.0204296           0      -15000           0     107.933           0 
        691           0  0.00696817           0      -15000           0     107.833           0 
        692           0           0           0      -15000           0     108.083           0 
        693           0           0           0      -15000           0     107.883           0 
        694           0           0           0      -15000           0     107.658           0 
        695           0           0           0      -15000           0     107.825           0 
        696           0           0           0      -15000           0     107.325           0 
        697           0           0           0      -15000           0     107.025           0 
        698           0           0           0      -15000           0       107.1           0 
        699           0           0           0      -15000           0     106.925           0 
        700           0           0           0      -15000           0     107.008           0 
        701           0           0           0      -15000           0     107.283           0 
        702           0           0           0      -15000           0     107.208           0 
        703           0           0           0      -15000           0     107.483           0 
        704           0  0.00690002           0      -15000           0     107.283           0 
        705           0   0.0202298           0      -15000           0     107.375           0 
        706           0    0.032181           0      -15000           0     107.275           0 
        707           0   0.0419391           0      -15000           0     106.983           0 
        708           0   0.0488391           0      -15000           0     107.183           0 
        709           0   0.0524109           0      -15000           0     106.958           0 
        710           0   0.0524109           0      -15000           0     106.933           0 
        711           0   0.0488391           0      -15000           0     107.167           0 
        712           0   0.0419391           0      -15000           0     107.167           0 
        713           0    0.032181           0      -15000           0     107.492           0 
        714           0   0.0202298           0      -15000           0     107.525           0 
        715           0  0.00690002           0      -15000           0       107.5           0 
        716           0           0           0      -15000           0     107.433           0 
        717           0           0           0      -15000           0     107.733           0 
        718           0           0           0      -15000           0     107.558           0 
        719           0           0           0      -15000           0     107.358           0 
        720           0           0           0      -15000           0     107.058           0 
        721           0           0           0      -15000           0     106.983           0 
        722           0           0           0      -15000           0     106.983           0 
        723           0           0           0      -15000           0     106.792           0 
        724           0           0           0      -15000           0     106.992           0 
        725           0           0           0      -15000           0     107.017           0 
        726           0           0           0      -15000           0     107.042           0 
        727           0           0           0      -15000           0     107.067           0 
        728           0  0.00816076           0      -15000           0     107.042           0 
        729           0   0.0239262           0      -15000           0     106.592           0 
        730           0    0.038061           0      -15000           0     106.417           0 
        731           0   0.0496021           0      -15000           0     106.467           0 
        732           0   0.0577628           0      -15000           0     106.375           0 
        733           0   0.0619872           0      -15000           0       106.6           0 
        734           0   0.0619872           0      -15000           0     106.475           0 
        735           0   0.0577628           0      -15000           0     106.683           0 
        736           0   0.0496021           0      -15000           0     106.658           0 
        737           0    0.038061           0      -15000           0     106.342           0 
        738           0   0.0239262           0      -15000           0     106.517           0 
        739           0  0.00816076           0      -15000           0      106.65           0 
        740           0           0           0      -15000           0     106.525           0 
        741           0           0           0      -15000           0     106.533           0 
        742           0           0           0      -15000           0     106.458           0 
        743           0           0           0      -15000           0     106.533           0 
        744           0           0           0      -15000           0     106.233           0 
end*** END OF INPUT FILE 'ATMOSPH.IN' **********************************
